function [A, B, C, E, F, f] = NHT15

% System: E x_dot + A x = B u + F f(x,u)
%         y = C x
%
% Tue 05 Aug 2003 02:54:51 PM CEST
% 
% Model parameters:
%   Number of nodes:         15.
%   Length:                  0.1
%   Area:                    0.0001
%   Density:                 3970.
%   Heat Capacity:           766.
%   a0, a1, ...:             36.-0.11160.00017298-1.78746e-71.3852815e-10
% 
%

A=sparse([ 1 1 2 2 2 3 3 3 4 4 4 5 5 5 6 6 6 7 7 7 8 8 8 9 9 9 10 10 10 11 11 11 12 12 12 13 13 13 14 14 14 15 15],...
[ 1 2 1 2 3 2 3 4 3 4 5 4 5 6 5 6 7 6 7 8 7 8 9 8 9 10 9 10 11 10 11 12 11 12 13 12 13 14 13 14 15 14 15],...
[ 0.54 -0.54 -0.54 1.08 -0.54 -0.54 1.08 -0.54 -0.54 1.08 -0.54 -0.54 1.08 -0.54 -0.54 1.08 -0.54 -0.54 1.08 -0.54 -0.54 1.08 -0.54 -0.54 1.08 -0.54 -0.54 1.08 -0.54 -0.54 1.08 -0.54 -0.54 1.08 -0.54 -0.54 1.08 -0.54 -0.54 1.08 -0.54 -0.54 1.08],...
15,15);

E=sparse([ 1 1 2 2 2 3 3 3 4 4 4 5 5 5 6 6 6 7 7 7 8 8 8 9 9 9 10 10 10 11 11 11 12 12 12 13 13 13 14 14 14 15 15],...
[ 1 2 1 2 3 2 3 4 3 4 5 4 5 6 5 6 7 6 7 8 7 8 9 8 9 10 9 10 11 10 11 12 11 12 13 12 13 14 13 14 15 14 15],...
[ 0.6757822222222223 0.33789111111111114 0.33789111111111114 1.3515644444444446 0.33789111111111114 0.33789111111111114 1.3515644444444446 0.33789111111111114 0.33789111111111114 1.3515644444444446 0.33789111111111114 0.33789111111111114 1.3515644444444446 0.33789111111111114 0.33789111111111114 1.3515644444444446 0.33789111111111114 0.33789111111111114 1.3515644444444446 0.33789111111111114 0.33789111111111114 1.3515644444444446 0.33789111111111114 0.33789111111111114 1.3515644444444446 0.33789111111111114 0.33789111111111114 1.3515644444444446 0.33789111111111114 0.33789111111111114 1.3515644444444446 0.33789111111111114 0.33789111111111114 1.3515644444444446 0.33789111111111114 0.33789111111111114 1.3515644444444446 0.33789111111111114 0.33789111111111114 1.3515644444444446 0.33789111111111114 0.33789111111111114 1.3515644444444446],...
15,15);

C=sparse([1 2],[1 8],[1 1],2,15);

B=[ 0.0001 3.3333333333333335e-7
 0 6.666666666666667e-7
 0 6.666666666666667e-7
 0 6.666666666666667e-7
 0 6.666666666666667e-7
 0 6.666666666666667e-7
 0 6.666666666666667e-7
 0 6.666666666666667e-7
 0 6.666666666666667e-7
 0 6.666666666666667e-7
 0 6.666666666666667e-7
 0 6.666666666666667e-7
 0 6.666666666666667e-7
 0 6.666666666666667e-7
 0 6.666666666666667e-7];

F=eye(15);

f = @(T) ([-0.0008370000000000002*(((T(1))^2) - ((T(2))^2)) + 8.649e-7*(((T(1))^3) - ((T(2))^3)) - 6.702975e-10*(((T(1))^4) - ((T(2))^4)) + 4.1558445000000003e-13*(((T(1))^5) - ((T(2))^5))
0.0008370000000000002*(((T(1))^2) - 2*((T(2))^2) + ((T(3))^2)) - 8.649e-7*(((T(1))^3) - 2*((T(2))^3) + ((T(3))^3)) + 6.702975e-10*(((T(1))^4) - 2*((T(2))^4) + ((T(3))^4)) - 4.1558445000000003e-13*(((T(1))^5) - 2*((T(2))^5) + ((T(3))^5))
0.0008370000000000002*(((T(2))^2) - 2*((T(3))^2) + ((T(4))^2)) - 8.649e-7*(((T(2))^3) - 2*((T(3))^3) + ((T(4))^3)) + 6.702975e-10*(((T(2))^4) - 2*((T(3))^4) + ((T(4))^4)) - 4.1558445000000003e-13*(((T(2))^5) - 2*((T(3))^5) + ((T(4))^5))
0.0008370000000000002*(((T(3))^2) - 2*((T(4))^2) + ((T(5))^2)) - 8.649e-7*(((T(3))^3) - 2*((T(4))^3) + ((T(5))^3)) + 6.702975e-10*(((T(3))^4) - 2*((T(4))^4) + ((T(5))^4)) - 4.1558445000000003e-13*(((T(3))^5) - 2*((T(4))^5) + ((T(5))^5))
0.0008370000000000002*(((T(4))^2) - 2*((T(5))^2) + ((T(6))^2)) - 8.649e-7*(((T(4))^3) - 2*((T(5))^3) + ((T(6))^3)) + 6.702975e-10*(((T(4))^4) - 2*((T(5))^4) + ((T(6))^4)) - 4.1558445000000003e-13*(((T(4))^5) - 2*((T(5))^5) + ((T(6))^5))
0.0008370000000000002*(((T(5))^2) - 2*((T(6))^2) + ((T(7))^2)) - 8.649e-7*(((T(5))^3) - 2*((T(6))^3) + ((T(7))^3)) + 6.702975e-10*(((T(5))^4) - 2*((T(6))^4) + ((T(7))^4)) - 4.1558445000000003e-13*(((T(5))^5) - 2*((T(6))^5) + ((T(7))^5))
0.0008370000000000002*(((T(6))^2) - 2*((T(7))^2) + ((T(8))^2)) - 8.649e-7*(((T(6))^3) - 2*((T(7))^3) + ((T(8))^3)) + 6.702975e-10*(((T(6))^4) - 2*((T(7))^4) + ((T(8))^4)) - 4.1558445000000003e-13*(((T(6))^5) - 2*((T(7))^5) + ((T(8))^5))
0.0008370000000000002*(((T(7))^2) - 2*((T(8))^2) + ((T(9))^2)) - 8.649e-7*(((T(7))^3) - 2*((T(8))^3) + ((T(9))^3)) + 6.702975e-10*(((T(7))^4) - 2*((T(8))^4) + ((T(9))^4)) - 4.1558445000000003e-13*(((T(7))^5) - 2*((T(8))^5) + ((T(9))^5))
0.0008370000000000002*(((T(10))^2) + ((T(8))^2) - 2*((T(9))^2)) - 8.649e-7*(((T(10))^3) + ((T(8))^3) - 2*((T(9))^3)) + 6.702975e-10*(((T(10))^4) + ((T(8))^4) - 2*((T(9))^4)) - 4.1558445000000003e-13*(((T(10))^5) + ((T(8))^5) - 2*((T(9))^5))
0.0008370000000000002*(-2*((T(10))^2) + ((T(11))^2) + ((T(9))^2)) - 8.649e-7*(-2*((T(10))^3) + ((T(11))^3) + ((T(9))^3)) + 6.702975e-10*(-2*((T(10))^4) + ((T(11))^4) + ((T(9))^4)) - 4.1558445000000003e-13*(-2*((T(10))^5) + ((T(11))^5) + ((T(9))^5))
0.0008370000000000002*(((T(10))^2) - 2*((T(11))^2) + ((T(12))^2)) - 8.649e-7*(((T(10))^3) - 2*((T(11))^3) + ((T(12))^3)) + 6.702975e-10*(((T(10))^4) - 2*((T(11))^4) + ((T(12))^4)) - 4.1558445000000003e-13*(((T(10))^5) - 2*((T(11))^5) + ((T(12))^5))
0.0008370000000000002*(((T(11))^2) - 2*((T(12))^2) + ((T(13))^2)) - 8.649e-7*(((T(11))^3) - 2*((T(12))^3) + ((T(13))^3)) + 6.702975e-10*(((T(11))^4) - 2*((T(12))^4) + ((T(13))^4)) - 4.1558445000000003e-13*(((T(11))^5) - 2*((T(12))^5) + ((T(13))^5))
0.0008370000000000002*(((T(12))^2) - 2*((T(13))^2) + ((T(14))^2)) - 8.649e-7*(((T(12))^3) - 2*((T(13))^3) + ((T(14))^3)) + 6.702975e-10*(((T(12))^4) - 2*((T(13))^4) + ((T(14))^4)) - 4.1558445000000003e-13*(((T(12))^5) - 2*((T(13))^5) + ((T(14))^5))
0.0008370000000000002*(((T(13))^2) - 2*((T(14))^2) + ((T(15))^2)) - 8.649e-7*(((T(13))^3) - 2*((T(14))^3) + ((T(15))^3)) + 6.702975e-10*(((T(13))^4) - 2*((T(14))^4) + ((T(15))^4)) - 4.1558445000000003e-13*(((T(13))^5) - 2*((T(14))^5) + ((T(15))^5))
0.0008370000000000002*(((T(14))^2) - 2*((T(15))^2)) - 8.649e-7*(((T(14))^3) - 2*((T(15))^3)) + 6.702975e-10*(((T(14))^4) - 2*((T(15))^4)) - 4.1558445000000003e-13*(((T(14))^5) - 2*((T(15))^5))]);

end